//ID	Name	Model	Propeller 1	Propeller 2	Propeller 3	Propeller 4	Price	Durability	Durability Recovery	Defense	Physical Resist	Min Attack	Max Atatck	Attack Range	Reloading Time	Cannon Area of Effect	Cargo Capacity	Fuel	Fuel Consumption	Attack Speed	Movement Speed	Description	Remark
1	Titanic Hull	2000000000	0	0	0	0	31237	4286	0	78	20	0	0	0	0	0	0	200	2	0	0	0	0
2	Silver Dolphin	2000010000	0	0	0	0	46200	5000	0	89	20	0	0	0	0	0	0	200	3	0	0	0	0
3	Great White Shark	2000020000	0	0	0	0	65362	5731	0	100	20	0	0	0	0	0	0	200	3	0	0	0	0
4	Frock Hull	2001000000	0	0	0	0	31237	6082	0	127	25	0	0	0	0	0	0	200	2	0	0	0	0
5	Goddess	2001010000	0	0	0	0	46200	7441	0	155	25	0	0	0	0	0	0	200	3	0	0	0	0
6	Titanium Hull	2002000000	0	0	0	0	65362	8945	0	183	25	0	0	0	0	0	0	200	3	0	0	0	0
7	Ark	2003000000	0	0	0	0	0	1000	0	20	20	0	0	0	0	0	0	200	2	0	0	0	0
8	Normal Bow	0	0	0	0	0	0	0	0	0	0	0	0	0	0	0	0	300	0	0	0	0	0
9	Hard Bow	0	0	0	0	0	0	0	0	0	0	0	0	0	0	0	0	330	0	0	0	0	0
10	Special Bow	0	0	0	0	0	0	0	0	0	0	0	0	0	0	0	0	360	0	0	0	0	0
11	Sharp Bow	0	0	0	0	0	1350	0	0	0	0	0	0	0	0	0	0	400	0	0	0	0	0
12	Long Bow	0	0	0	0	0	1682	0	0	0	0	0	0	0	0	0	0	430	0	0	0	0	0
13	Colliding Bow	0	0	0	0	0	2067	0	0	0	0	0	0	0	0	0	0	460	0	0	0	0	0
14	Collision Bow	0	0	0	0	0	2280	0	0	0	0	0	0	0	0	0	0	1000	0	0	0	0	0
15	Semi Auto Oar	0	0	0	0	0	0	0	0	0	0	0	0	0	0	0	0	0	0	0	450	0	0
16	Boiler Engine	0	0	0	0	0	0	0	0	0	0	0	0	0	0	0	0	0	0	0	460	0	0
17	Steam Dual Pontoon	0	0	0	0	0	1687	0	0	0	0	0	0	0	0	0	0	0	0	0	470	0	0
18	Steam Buoy	0	0	0	0	0	2335	0	0	0	0	0	0	0	0	0	0	0	0	0	480	0	0
19	Bio Thrash 80	0	0	0	0	0	2850	0	0	0	0	0	0	0	0	0	0	0	0	0	490	0	0
20	Bio Thrash 90	0	0	0	0	0	3758	0	0	0	0	0	0	0	0	0	0	0	0	0	500	0	0
21	Turbo Propeller	2000000002	22	0	0	0	4462	0	0	0	0	0	0	0	0	0	0	0	0	0	530	0	0
22	Demon Propeller 01	2000000004	0	0	0	0	0	0	0	0	0	0	0	0	0	0	0	0	0	0	0	0	0
23	Silver Propeller 01	2000010004	0	0	0	0	0	0	0	0	0	0	0	0	0	0	0	0	0	0	0	0	0
24	Silver Propeller 02	2000010005	0	0	0	0	0	0	0	0	0	0	0	0	0	0	0	0	0	0	0	0	0
25	Silver Propeller 03	2000010006	0	0	0	0	0	0	0	0	0	0	0	0	0	0	0	0	0	0	0	0	0
26	Silver Propeller 04	2000010007	0	0	0	0	0	0	0	0	0	0	0	0	0	0	0	0	0	0	0	0	0
27	White Shark Propeller 01	2000020004	0	0	0	0	0	0	0	0	0	0	0	0	0	0	0	0	0	0	0	0	0
28	White Shark Propeller 02	2000020005	0	0	0	0	0	0	0	0	0	0	0	0	0	0	0	0	0	0	0	0	0
29	Torrent Propeller 01	2001000004	0	0	0	0	0	0	0	0	0	0	0	0	0	0	0	0	0	0	0	0	0
30	Torrent Propeller 02	2001000005	0	0	0	0	0	0	0	0	0	0	0	0	0	0	0	0	0	0	0	0	0
31	Torrent Propeller 03	2001000006	0	0	0	0	0	0	0	0	0	0	0	0	0	0	0	0	0	0	0	0	0
32	Goddess Propeller 01	2001010004	0	0	0	0	0	0	0	0	0	0	0	0	0	0	0	0	0	0	0	0	0
33	Goddess Propeller 02	2001010005	0	0	0	0	0	0	0	0	0	0	0	0	0	0	0	0	0	0	0	0	0
34	Goddess Propeller 03	2001010006	0	0	0	0	0	0	0	0	0	0	0	0	0	0	0	0	0	0	0	0	0
35	Goddess Propeller 04	2001010007	0	0	0	0	0	0	0	0	0	0	0	0	0	0	0	0	0	0	0	0	0
36	Swordfish Propeller 01	2002000004	0	0	0	0	0	0	0	0	0	0	0	0	0	0	0	0	0	0	0	0	0
37	Swordfish Propeller 02	2002000005	0	0	0	0	0	0	0	0	0	0	0	0	0	0	0	0	0	0	0	0	0
38	Swordfish Propeller 03	2002000006	0	0	0	0	0	0	0	0	0	0	0	0	0	0	0	0	0	0	0	0	0
39	Swordfish Propeller 04	2002000007	0	0	0	0	0	0	0	0	0	0	0	0	0	0	0	0	0	0	0	0	0
40	Ark Propeller 01	2003000004	0	0	0	0	0	0	0	0	0	0	0	0	0	0	0	0	0	0	0	0	0
41	Ark Propeller 02	2003000005	0	0	0	0	0	0	0	0	0	0	0	0	0	0	0	0	0	0	0	0	0
42	Ark Propeller 03	2003000006	0	0	0	0	0	0	0	0	0	0	0	0	0	0	0	0	0	0	0	0	0
43	Wooden Tattoo Hull	2004000000	0	0	0	0	0	2280	0	46	10	0	0	0	0	0	0	200	1	0	0	0	0
44	Steel Structure Hull	2004020000	0	0	0	0	11812	2925	0	57	15	0	0	0	0	0	0	200	1	0	0	0	0
45	Bio Flying Fish Hull	2004010000	0	0	0	0	19950	3595	0	68	20	0	0	0	0	0	0	200	1	0	0	0	0
46	Back Pontoon	2004030000	0	0	0	0	6300	2795	0	62	15	0	0	0	0	0	0	200	1	0	0	0	0
47	Dual Pontoon	2004050000	0	0	0	0	11812	3766	0	82	20	0	0	0	0	0	0	200	1	0	0	0	0
48	Bio Swordfish Hull	2004040000	0	0	0	0	19950	4860	0	88	25	0	0	0	0	0	0	200	1	0	0	0	0
49	Low level boat 7	2004060000	0	0	0	0	0	0	0	10	10	0	0	0	0	0	0	0	0	0	0	0	0
50	Boat 8	2004070000	0	0	0	0	0	0	0	10	10	0	0	0	0	0	0	0	0	0	0	0	0
51	Boat 9	2004080000	0	0	0	0	0	0	0	10	10	0	0	0	0	0	0	0	0	0	0	0	0
52	Boat 10	2004090000	0	0	0	0	0	0	0	10	10	0	0	0	0	0	0	0	0	0	0	0	0
53	OSM Swift Cannon	0	0	0	0	0	0	0	0	0	0	167	250	0	70	0	0	0	0	0	0	0	0
54	OSM 350mm Cannon	0	0	0	0	0	0	0	0	0	0	185	278	0	73	0	0	0	0	0	0	0	0
55	OSM 406mm Cannon	0	0	0	0	0	0	0	0	0	0	204	307	0	79	0	0	0	0	0	0	0	0
56	OSM?500mm?Gally?Cannon	0	0	0	0	0	2025	0	0	0	0	215	322	0	85	0	0	0	0	0	0	0	0
57	OSM 800mm Cannon	0	0	0	0	0	2265	0	0	0	0	235	352	0	88	0	0	0	0	0	0	0	0
58	OSM Titan Cannon	0	0	0	0	0	2802	0	0	0	0	255	383	0	94	0	0	0	0	0	0	0	0
59	OSM Thunder Cannon	0	0	0	0	0	3420	0	0	0	0	265	398	0	100	0	0	0	0	0	0	0	0
60	OSM Penetrating Cannon	0	0	0	0	0	3760	0	0	0	0	287	430	0	103	0	0	0	0	0	0	0	0
61	OSM Dual Cannon	0	0	0	0	0	4510	0	0	0	0	307	461	0	109	0	0	0	0	0	0	0	0
62	OSM Penetrating Cannon	0	0	0	0	0	5355	0	0	0	0	318	477	0	115	0	0	0	0	0	0	0	0
63	Cannon 11	0	0	0	0	0	5814	0	0	0	0	340	511	0	118	0	0	0	0	0	0	0	0
64	Cannon 12	0	0	0	0	0	6812	0	0	0	0	362	543	0	124	0	0	0	0	0	0	0	0
65	Cannon 13	0	0	0	0	0	7920	0	0	0	0	373	560	0	130	0	0	0	0	0	0	0	0
66	Cannon 14	0	0	0	0	0	8516	0	0	0	0	396	594	0	100	0	0	0	0	0	0	0	0
67	Cannon 15	0	0	0	0	0	9798	0	0	0	0	419	629	0	139	0	0	0	0	0	0	0	0
68	Cannon 16	0	0	0	0	0	11205	0	0	0	0	430	646	0	145	0	0	0	0	0	0	0	0
69	Cannon 17	0	0	0	0	0	11956	0	0	0	0	455	682	0	148	0	0	0	0	0	0	0	0
70	Cannon 18	0	0	0	0	0	13559	0	0	0	0	478	717	0	154	0	0	0	0	0	0	0	0
71	OSM Quad Cannon	0	0	0	0	0	1080	0	0	0	0	138	207	0	70	0	0	0	0	0	0	0	0
72	OSM Piercing Cannon	0	0	0	0	0	1237	0	0	0	0	151	227	0	73	0	0	0	0	0	0	0	0
73	Fishing Net	0	0	0	0	0	0	0	0	0	0	0	0	0	0	0	0	0	0	0	0	0	0
74	Mechanical Arm	0	0	0	0	0	0	0	0	0	0	0	0	0	0	0	0	0	0	0	0	0	0
75	Light Armor	0	0	0	0	0	1292	0	0	0	0	0	0	0	0	0	0	0	0	0	0	0	0
76	Composite Armor	0	0	0	0	0	1464	0	0	0	0	0	0	0	0	0	0	0	0	0	0	0	0
77	Component 5	0	0	0	0	0	1652	0	0	0	0	0	0	0	0	0	0	0	0	0	0	0	0
78	Component 6	0	0	0	0	0	1856	0	0	0	0	0	0	0	0	0	0	0	0	0	0	0	0
79	Component 7	0	0	0	0	0	2076	0	0	0	0	0	0	0	0	0	0	0	0	0	0	0	0
80	Component 8	0	0	0	0	0	2313	0	0	0	0	0	0	0	0	0	0	0	0	0	0	0	0
81	Component 9	0	0	0	0	0	2568	0	0	0	0	0	0	0	0	0	0	0	0	0	0	0	0
82	Component 10	0	0	0	0	0	2842	0	0	0	0	0	0	0	0	0	0	0	0	0	0	0	0
83	Component 11	0	0	0	0	0	3135	0	0	0	0	0	0	0	0	0	0	0	0	0	0	0	0
84	Component 12	0	0	0	0	0	3447	0	0	0	0	0	0	0	0	0	0	0	0	0	0	0	0
85	Component 13	0	0	0	0	0	3780	0	0	0	0	0	0	0	0	0	0	0	0	0	0	0	0
86	Component 14	0	0	0	0	0	4134	0	0	0	0	0	0	0	0	0	0	0	0	0	0	0	0
87	Component 15	0	0	0	0	0	4510	0	0	0	0	0	0	0	0	0	0	0	0	0	0	0	0
88	Component 16	0	0	0	0	0	4908	0	0	0	0	0	0	0	0	0	0	0	0	0	0	0	0
89	Component 17	0	0	0	0	0	5330	0	0	0	0	0	0	0	0	0	0	0	0	0	0	0	0
90	Component 18	0	0	0	0	0	5775	0	0	0	0	0	0	0	0	0	0	0	0	0	0	0	0
91	Component 19	0	0	0	0	0	6244	0	0	0	0	0	0	0	0	0	0	0	0	0	0	0	0
92	Component 20	0	0	0	0	0	6739	0	0	0	0	0	0	0	0	0	0	0	0	0	0	0	0
93	Low level boat 1 Fore	0	0	0	0	0	0	0	0	0	0	0	0	0	0	0	0	0	0	0	0	0	0
94	Low level boat 2 Fore	0	0	0	0	0	0	0	0	0	0	0	0	0	0	0	0	0	0	0	0	0	0
95	Low level boat 3 Fore	0	0	0	0	0	0	0	0	0	0	0	0	0	0	0	0	0	0	0	0	0	0
96	Low level boat 4 Fore	0	0	0	0	0	0	0	0	0	0	0	0	0	0	0	0	0	0	0	0	0	0
97	Bow of Boat 5	0	0	0	0	0	0	0	0	0	0	0	0	0	0	0	0	0	0	0	0	0	0
98	Bow of Boat 6	0	0	0	0	0	0	0	0	0	0	0	0	0	0	0	0	0	0	0	0	0	0
99	Bow of Boat 7	0	0	0	0	0	0	0	0	0	0	0	0	0	0	0	0	0	0	0	0	0	0
100	Boat 8 Fore	0	0	0	0	0	0	0	0	0	0	0	0	0	0	0	0	0	0	0	0	0	0
101	Boat 9 Fore	0	0	0	0	0	0	0	0	0	0	0	0	0	0	0	0	0	0	0	0	0	0
102	Boat 10 Fore	0	0	0	0	0	0	0	0	0	0	0	0	0	0	0	0	0	0	0	0	0	0
103	Low level boat 1 mobility	0	0	0	0	0	0	0	0	0	0	0	0	0	0	0	0	0	0	0	0	0	0
104	Low level boat 2mobility	0	0	0	0	0	0	0	0	0	0	0	0	0	0	0	0	0	0	0	0	0	0
105	Low level boat 3mobility	0	0	0	0	0	0	0	0	0	0	0	0	0	0	0	0	0	0	0	0	0	0
106	Low level boat 4mobility	0	0	0	0	0	0	0	0	0	0	0	0	0	0	0	0	0	0	0	0	0	0
107	Low level boat 5mobility	0	0	0	0	0	0	0	0	0	0	0	0	0	0	0	0	0	0	0	0	0	0
108	Low level boat 6mobility	0	0	0	0	0	0	0	0	0	0	0	0	0	0	0	0	0	0	0	0	0	0
109	Low level boat 7mobility	0	0	0	0	0	0	0	0	0	0	0	0	0	0	0	0	0	0	0	0	0	0
110	Low level boat 8mobility	0	0	0	0	0	0	0	0	0	0	0	0	0	0	0	0	0	0	0	0	0	0
111	Mobility of Boat 9	0	0	0	0	0	0	0	0	0	0	0	0	0	0	0	0	0	0	0	0	0	0
112	Boat 10 Engine	0	0	0	0	0	0	0	0	0	0	0	0	0	0	0	0	0	0	0	0	0	0
113	Refine Bow	0	0	0	0	0	2749	0	0	0	0	0	0	0	0	0	0	1000	0	0	0	0	0
114	Top Graded Bow	0	0	0	0	0	3280	0	0	0	0	0	0	0	0	0	0	1100	0	0	0	0	0
115	Colliding Bow	2000000001	0	0	0	0	3570	0	0	0	0	0	0	0	0	0	0	1200	0	0	0	0	0
116	Bow 11	2000000001	0	0	0	0	4200	0	0	0	0	0	0	0	0	0	0	1200	0	0	0	0	0
117	Bow 12	2000000001	0	0	0	0	4901	0	0	0	0	0	0	0	0	0	0	1200	0	0	0	0	0
118	Bow 13	2000010001	0	0	0	0	5280	0	0	0	0	0	0	0	0	0	0	2100	0	0	0	0	0
119	Bow 14	2000010001	0	0	0	0	6095	0	0	0	0	0	0	0	0	0	0	2100	0	0	0	0	0
120	Bow 15	2000010001	0	0	0	0	6990	0	0	0	0	0	0	0	0	0	0	2100	0	0	0	0	0
121	Bow 16	2000020001	0	0	0	0	7470	0	0	0	0	0	0	0	0	0	0	2100	0	0	0	0	0
122	Bow 17	2000020001	0	0	0	0	8493	0	0	0	0	0	0	0	0	0	0	2100	0	0	0	0	0
123	Bow 18	2000020001	0	0	0	0	9607	0	0	0	0	0	0	0	0	0	0	2100	0	0	0	0	0
124	Small Bow	0	0	0	0	0	720	0	0	0	0	0	0	0	0	0	0	300	0	0	0	0	0
125	Medium Bow	0	0	0	0	0	939	0	0	0	0	0	0	0	0	0	0	330	0	0	0	0	0
126	Hugh Bow	0	0	0	0	0	1201	0	0	0	0	0	0	0	0	0	0	360	0	0	0	0	0
127	Light Military Bow	0	0	0	0	0	1350	0	0	0	0	0	0	0	0	0	0	400	0	0	0	0	0
128	Medium Navy Bow	0	0	0	0	0	1682	0	0	0	0	0	0	0	0	0	0	430	0	0	0	0	0
129	Navy Bow	0	0	0	0	0	2067	0	0	0	0	0	0	0	0	0	0	460	0	0	0	0	0
130	Light Battleship Bow	0	0	0	0	0	2280	0	0	0	0	0	0	0	0	0	0	1000	0	0	0	0	0
131	Medium Galley Bow	0	0	0	0	0	2749	0	0	0	0	0	0	0	0	0	0	1060	0	0	0	0	0
132	Galley Bow	0	0	0	0	0	3280	0	0	0	0	0	0	0	0	0	0	1130	0	0	0	0	0
133	Razor Bow	2001000001	0	0	0	0	3570	0	0	0	0	0	0	0	0	0	0	1200	0	0	0	0	0
134	Bow 29	2001000001	0	0	0	0	4200	0	0	0	0	0	0	0	0	0	0	1200	0	0	0	0	0
135	Bow 30	2001000001	0	0	0	0	4901	0	0	0	0	0	0	0	0	0	0	1200	0	0	0	0	0
136	Bow 31	2001010001	0	0	0	0	5280	0	0	0	0	0	0	0	0	0	0	2100	0	0	0	0	0
137	Bow 32	2001010001	0	0	0	0	6095	0	0	0	0	0	0	0	0	0	0	2100	0	0	0	0	0
138	Bow 33	2001010001	0	0	0	0	6990	0	0	0	0	0	0	0	0	0	0	2100	0	0	0	0	0
139	Lone Triangle Baffle	2002000001	0	0	0	0	7470	0	0	0	0	0	0	0	0	0	0	2100	0	0	0	0	0
140	Bow 35	2002000001	0	0	0	0	8493	0	0	0	0	0	0	0	0	0	0	2100	0	0	0	0	0
141	Bow 36	2002000001	0	0	0	0	9607	0	0	0	0	0	0	0	0	0	0	2100	0	0	0	0	0
142	Engine 8	2000000002	22	0	0	0	5677	0	0	0	0	0	0	0	0	0	0	0	0	0	535	0	0
143	Engine 9	2000010002	23	24	25	26	6600	0	0	0	0	0	0	0	0	0	0	0	0	0	540	0	0
144	Engine 10	2000010002	23	24	25	26	7618	0	0	0	0	0	0	0	0	0	0	0	0	0	545	0	0
145	Engine 11	2000020002	27	28	0	0	9337	0	0	0	0	0	0	0	0	0	0	0	0	0	550	0	0
146	Bio Pontoon 10	0	0	0	0	0	900	0	0	0	0	0	0	0	0	0	0	0	0	0	450	0	0
147	Bio Buoy Type 20	0	0	0	0	0	1331	0	0	0	0	0	0	0	0	0	0	0	0	0	455	0	0
148	OSM Swift Sail	0	0	0	0	0	1687	0	0	0	0	0	0	0	0	0	0	0	0	0	450	0	0
149	Smooth Power Sail	0	0	0	0	0	2335	0	0	0	0	0	0	0	0	0	0	0	0	0	455	0	0
150	Bio Thrash 100	0	0	0	0	0	2850	0	0	0	0	0	0	0	0	0	0	0	0	0	450	0	0
151	Bio Thrash 110	0	0	0	0	0	3758	0	0	0	0	0	0	0	0	0	0	0	0	0	460	0	0
152	Dual Hydro System	2001000002	29	30	31	0	4462	0	0	0	0	0	0	0	0	0	0	0	0	0	555	0	0
153	Engine 19	2001000002	29	30	31	0	5677	0	0	0	0	0	0	0	0	0	0	0	0	0	560	0	0
154	Engine 20	2001010002	32	33	34	35	6600	0	0	0	0	0	0	0	0	0	0	0	0	0	565	0	0
155	Engine 21	2001010002	32	33	34	35	7618	0	0	0	0	0	0	0	0	0	0	0	0	0	570	0	0
156	Turbo Interpropeller	2002000002	36	37	38	39	9337	0	0	0	0	0	0	0	0	0	0	0	0	0	575	0	0
157	OSM Multi-Pierce Cannon	0	0	0	0	0	1598	0	0	0	0	164	246	0	79	0	0	0	0	0	0	0	0
158	OSM Dual Cannon	0	0	0	0	0	2025	0	0	0	0	170	256	0	85	0	0	0	0	0	0	0	0
159	OSM Quad Cannon	0	0	0	0	0	2265	0	0	0	0	183	275	0	88	0	0	0	0	0	0	0	0
160	OSM Fusion Cannon	0	0	0	0	0	2802	0	0	0	0	196	294	0	94	0	0	0	0	0	0	0	0
161	OSM Penetrating Cannon	0	0	0	0	0	3420	0	0	0	0	202	303	0	100	0	0	0	0	0	0	0	0
162	OSM Destroyer	0	0	0	0	0	3760	0	0	0	0	215	322	0	103	0	0	0	0	0	0	0	0
163	OSM Devourer	0	0	0	0	0	4510	0	0	0	0	227	341	0	109	0	0	0	0	0	0	0	0
164	OSM Multi-Pierce Cannon	0	0	0	0	0	5355	0	0	0	0	233	349	0	115	0	0	0	0	0	0	0	0
165	Cannon 29	0	0	0	0	0	5814	0	0	0	0	246	369	0	118	0	0	0	0	0	0	0	0
166	Fire Cannon 30	0	0	0	0	0	6812	0	0	0	0	257	386	0	124	0	0	0	0	0	0	0	0
167	Cannon 31	0	0	0	0	0	7920	0	0	0	0	264	396	0	130	0	0	0	0	0	0	0	0
168	Cannon 32	0	0	0	0	0	8516	0	0	0	0	276	415	0	100	0	0	0	0	0	0	0	0
169	Cannon 33	0	0	0	0	0	9798	0	0	0	0	288	432	0	139	0	0	0	0	0	0	0	0
170	OSM?500mm?Gally?Cannon	0	0	0	0	0	11205	0	0	0	0	294	441	0	145	0	0	0	0	0	0	0	0
171	Cannon 35	0	0	0	0	0	11956	0	0	0	0	306	459	0	148	0	0	0	0	0	0	0	0
172	Cannon 36	0	0	0	0	0	13559	0	0	0	0	318	478	0	154	0	0	0	0	0	0	0	0
173	Component 21	0	0	0	0	0	7260	0	0	0	0	0	0	0	0	0	0	0	0	0	0	0	0
174	Component 22	0	0	0	0	0	7806	0	0	0	0	0	0	0	0	0	0	0	0	0	0	0	0
175	Component 23	0	0	0	0	0	8380	0	0	0	0	0	0	0	0	0	0	0	0	0	0	0	0
176	Component 24	0	0	0	0	0	8982	0	0	0	0	0	0	0	0	0	0	0	0	0	0	0	0
177	Component 25	0	0	0	0	0	9612	0	0	0	0	0	0	0	0	0	0	0	0	0	0	0	0
178	Component 26	0	0	0	0	0	10271	0	0	0	0	0	0	0	0	0	0	0	0	0	0	0	0
179	Component 27	0	0	0	0	0	10959	0	0	0	0	0	0	0	0	0	0	0	0	0	0	0	0
180	Component 28	0	0	0	0	0	11679	0	0	0	0	0	0	0	0	0	0	0	0	0	0	0	0
181	Component 29	0	0	0	0	0	12429	0	0	0	0	0	0	0	0	0	0	0	0	0	0	0	0
182	Component 30	0	0	0	0	0	13210	0	0	0	0	0	0	0	0	0	0	0	0	0	0	0	0
183	Component 31	0	0	0	0	0	990	0	0	0	0	0	0	0	0	0	0	0	0	0	0	0	0
184	Component 32	0	0	0	0	0	1134	0	0	0	0	0	0	0	0	0	0	0	0	0	0	0	0
185	Component 33	0	0	0	0	0	1292	0	0	0	0	0	0	0	0	0	0	0	0	0	0	0	0
186	Component 34	0	0	0	0	0	1464	0	0	0	0	0	0	0	0	0	0	0	0	0	0	0	0
187	Component 35	0	0	0	0	0	1652	0	0	0	0	0	0	0	0	0	0	0	0	0	0	0	0
188	Component 36	0	0	0	0	0	1856	0	0	0	0	0	0	0	0	0	0	0	0	0	0	0	0
189	Component 37	0	0	0	0	0	2076	0	0	0	0	0	0	0	0	0	0	0	0	0	0	0	0
190	Component 38	0	0	0	0	0	2313	0	0	0	0	0	0	0	0	0	0	0	0	0	0	0	0
191	Component 39	0	0	0	0	0	2568	0	0	0	0	0	0	0	0	0	0	0	0	0	0	0	0
192	Component 40	0	0	0	0	0	2842	0	0	0	0	0	0	0	0	0	0	0	0	0	0	0	0
193	Component 41	0	0	0	0	0	3135	0	0	0	0	0	0	0	0	0	0	0	0	0	0	0	0
194	Component 42	0	0	0	0	0	3447	0	0	0	0	0	0	0	0	0	0	0	0	0	0	0	0
195	Component 43	0	0	0	0	0	3780	0	0	0	0	0	0	0	0	0	0	0	0	0	0	0	0
196	Component 44	0	0	0	0	0	4134	0	0	0	0	0	0	0	0	0	0	0	0	0	0	0	0
197	Component 45	0	0	0	0	0	4510	0	0	0	0	0	0	0	0	0	0	0	0	0	0	0	0
198	Component 46	0	0	0	0	0	4908	0	0	0	0	0	0	0	0	0	0	0	0	0	0	0	0
199	Component 47	0	0	0	0	0	5330	0	0	0	0	0	0	0	0	0	0	0	0	0	0	0	0
200	Component 48	0	0	0	0	0	5775	0	0	0	0	0	0	0	0	0	0	0	0	0	0	0	0
201	Component 49	0	0	0	0	0	6244	0	0	0	0	0	0	0	0	0	0	0	0	0	0	0	0
202	Component 50	0	0	0	0	0	6739	0	0	0	0	0	0	0	0	0	0	0	0	0	0	0	0
203	Component 51	0	0	0	0	0	7260	0	0	0	0	0	0	0	0	0	0	0	0	0	0	0	0
204	Component 52	0	0	0	0	0	7806	0	0	0	0	0	0	0	0	0	0	0	0	0	0	0	0
205	Component 53	0	0	0	0	0	8380	0	0	0	0	0	0	0	0	0	0	0	0	0	0	0	0
206	Component 54	0	0	0	0	0	8982	0	0	0	0	0	0	0	0	0	0	0	0	0	0	0	0
207	Component 55	0	0	0	0	0	9612	0	0	0	0	0	0	0	0	0	0	0	0	0	0	0	0
208	Component 56	0	0	0	0	0	10271	0	0	0	0	0	0	0	0	0	0	0	0	0	0	0	0
209	Component 57	0	0	0	0	0	10959	0	0	0	0	0	0	0	0	0	0	0	0	0	0	0	0
210	Component 58	0	0	0	0	0	11679	0	0	0	0	0	0	0	0	0	0	0	0	0	0	0	0
211	Component 59	0	0	0	0	0	12429	0	0	0	0	0	0	0	0	0	0	0	0	0	0	0	0
212	Component 60	0	0	0	0	0	13210	0	0	0	0	0	0	0	0	0	0	0	0	0	0	0	0